44E9 1088.86E-3 170.652E-3
100E9 1182.72E-3 81.3441E-3
143E9 1149.88E-3 60.8778E-3
217E9 4387.23E-3 210.276E-3
353E9 16886.7E-3 908.022E-3
545E9 88938.5E-3 3831.52E-3
857E9 307009E-3 11404.6E-3
23E9 1.2 0.05
33E9 0.9 0.09
41E9 1.1 0.09
61E9 1.0 0.1
94E9 0.9 0.2
1.20E+13 1.55E+02 4.50E-02
5.00E+12 9.68E+02  6.50E-02
3.63E+12 1.54E+03 1.53E+02
3.00E+12 1.29E+03  6.44E-01
3.14E+10 5.90E-01  8.00E-02
2.20E+10 4.89E-01  4.90E-02
1.85E+10 5.71E-01  2.90E-02
1.07E+10 8.70E-01  6.00E-02
8.87E+09 1.47E+00  6.00E-02
5.01E+09 2.14E+00  9.00E-02
4.85E+09 2.43E+00  9.90E-02
2.70E+09 3.52E+00 0.0
2.65E+09 3.88E+00  1.20E-01
1.41E+09 6.18E+00  1.20E-01
9.60E+08 8.10E+00  1.20E-01
6.35E+08 1.09E+01  2.50E-01
4.68E+08 1.52E+01  1.54E+00
1.60E+08 1.19E+01 0.0
8.00E+07 2.50E+01 0.0
5.75E+07 4.80E+01  9.00E+00

